__gfx__
00000000555555555555555555555555555555555555555555555555555555555555555555555555555555555555555555555555444444444444444444444444
00000000555555555555555555555555555555555555555555555555555555555555555555555555555555555555555555555555444444444444444444444444
00700700555555555555555555555555555555555555555555555555555555555555555555566055555555555555555555555555440000000000000000000044
00077000555555555566055555555555555555555560555555555555555555555555555555555605555555555556605555555555440555555555555555555544
00077000555555555655605555555555555555555656055555555555555555555555555555555555555555555565560555555555440555555555555555555544
00700700555555555555555555555555555555555555555555555555555555555555555555555555555555555555555555555555440556055555555555555544
00000000555555555555555555555555555555555555555555555555555555555555555555555555555555555555555555555555440565605555555555555544
00000000555555555555555555555555555555555555555555555555555555555555555555555555555555555555555555555555440555555555555555555544
00000000555555555555555555555555555555555555555555555555555555555555555555555555555555555555555555555555440555550000000055555544
00000000555555555555555555555555555555555555555555555555555555555555555555555555555555555555555555555555440555550000000055555544
00000000555555555555555555555555555555555555555555555555555555555555555555555555566055555555555555555555440555550000000055555544
00000000555555555555555555555555556055555555555555555555555555555555555555555555655660555555555555555555440555550000000055555544
00000000555555555556660555555555565555555555555555555555555555555555555555555555555556055555555555555555440555550000000055555544
00000000555555555565560555555555555555555555555555555555555566055555555555555555555555555555555555555555440555550000000055555544
00000000555555555655556055555555555555555555555555555555555655605555555555555555555555555555555555555555440555550000000055555544
00000000555555555555555555555555555555555555555555555555556555555555555555555555555555555555555555555555440555550000000055555544
00000000555555555555555555555555555555555555555555555555555555555555555555555555555555555555555555555555440555555555555555555544
00000000555555555555555555555555555555555555555555555555555555555555555555555555555555555555555555555555440555555555555556605544
00000000555555555555555555555555555555555555555555555555555555555555555555555555555555555555555555555555440555555555555555560544
00000000555555555555555555555555555666055555555555555555555555555555555555555555555555555555555555555555440555555555555555555544
00000000555555555555555555555555556555605555555555555555555555555556055555555555555555555555555555660555440555555555555555555544
00000000555555555555555555555555555555555555555555555555555555555555660555555555555555555555555556656555440555555555555555555544
00000000555555555555555555555555555555555555555555555555555555555555555555555555555555555555555555555555444444444444444444444444
00000000555555555555555555555555555555555555555555555555555555555555555555555555555555555555555555555555444444444444444444444444
00000000555555555555555555555555555555555555555555555555555555555555555555555555555555555555555555555555000000000000000000000000
00000000555555555555555555555555555555555555555555555555555555555555555555555555555555555555555555555555000000000000000000000000
00000000555555555555555555555555555555555555555555566055555555555555555555555555555555555555555555555555000fff000000000000000000
0000000055605555555555555555555555555555555555555565560555555555555555555555555555555555555555555555555500f0f0f00000000000000000
0000000056560555555555555555555555555555555555555655555555555555555555555555555555556605555555555555555500f0f0f00000000000000000
00000000555555555555555555555555555555555555555555555555555555555555555555555555556655605555555555555555f00f0f0f0000000000000000
000000005555555555555555555555555555555555555555555555555555555555555555555555555655555555555555555555550fffffff0000000000000000
0000000055555555555555555555555555555555555555555555555555555555555555555555555555555555555555555555555500fffff00000000000000000
00000000000000000000000000000000000000000000000000000000009000000000000000000000000000000000000000000000000000000000000000000000
00000000000000000000000000000000000000000000000000000009990000000000000000000000000000000000000000000000000000000000000000000000
0000000000000000000000000000000000000000000000000000009aa90000000000000000000000000000000000000000000000000000000000000000000000
00000000000000000000000000000000000000000000000000000066660000000000000000000000000000000000000000000000000000000000000000000000
00000000000000000000000000000000000000000000000555555556655555550000000000000000000000000000000000000000000000000000000000000000
00000055555555555555555555555555555555555555555444444444444444445555555555555555555555555500000000000000000000000000000000000000
00000554445444544454445444544454445444544454444555555555555555554454445444544454445444544550000000000000000000000000000000000000
00000545555555555555555555555555555555555555555506006006006006055555555555555555555555555450000000000000000000000000000000000000
00000545445444544454445466666666445444544454954506006006006006054459445444544484445444545450000000000000060060060000000000000000
00000555445444544454445460000006445484544454499506006006006006054994445444844884447666545550000000000000060060060000000000000000
000005455555555555555555666666665585585555559a9506006006006006055a95555558855555570000655450000000000000060060060000000000000000
00000545454445444544454460000006454488844544464506006006006006054644454445884584460000645450000000000000060060060000000000000000
000005454544454445444544666666664548888445444645060060060060060546444544488845444600b0645450000000000000060060060000000000000000
0000055555555555555555556000000655885858555555550600600600600605555555555585555556bbbb655550000000000000060060060000000000000000
00000545445444544454445466666666485848544454454506006006006006054454445444844454446b6b545450000000000000060060060000000000000000
00000545445444544454445444544454445448544454454506006006006006054454445444544454445b4b545450000000000000060060060000000000000000
0000054555555555555555555555555555555555555555550600600600600605555555555555555555bbbb550000000000000000000000000000000000000000
00000555000000000000000000000000088000000000000000000000000000000000000000000000bbbb00000000000000000000000000000000000000000000
00000545000000000000000000000000000080000000000000000000000000000000000000000000000bb0000000000000000000000000000000000000000000
00000545000000000000000000000000000000000000000000000000000000000000000000000080000000000000000000000000000000000000000000000000
00000545000000000000000000000000000000000000000000000000000000000000000000000000000000000000000000000000000000000000000000000000
00000555000000000000000000000000000000000000000000000000000000000000000000000000000000000000000000000000000000000000000000000000
00000545000000000000000000000000000000000000000000000000000000000000000000000000000000000000000000000000000000000000000000000000
00000545000000000000000000000000000000000000000000000000000000000000000000000000000000000000000000000000000000000000000000000000
00000000000000000000000045545544000000004454945400000000111111110000000000000000000000000000000000000000000000000000000000000000
00000000000000000000000044544554000000004499445400000000111111110000000000000000000000000000000000000000000000000000000000000000
0000000000000000000000004454454500000000559a955500000000111111110000000000000000000000000000000000000000000000000000000000000000
00000000000000000000000054554544000000004546454400000000111111110000000000000000000000000000000000000000000000000000000000000000
00000000000000000000000045545544000000004546454400000000111111110000000000000000000000000000000000000000000000000000000000000000
00000000000000000000000044544554000000005555555500000000111111110000000000000000000000000000000000000000000000000000000000000000
00000000000000000000000044544545000000004454445400000000111111110000000000000000000000000000000000000000000000000000000000000000
00000000000000000000000054554544000000004454445400000000111111110000000000000000000000000000000000000000000000000000000000000000
00000000555555555555555555555555111111111111111155555555111111110000000000000000000000000000000000000000000000000000000000000000
00000000555555555555555555557555555555551555555555555555555555510000000000000000000000000000000000000000000000000000000000000000
00000000555761555555555555577155555555551555555555555555555555510000000000000000000000000000000000000000000000000000000000000000
00000000557661555555555555576155555555551555555555555555555555510000000000000000000000000000000000000000000000000000000000000000
00000000576666155555555555576615555555551555555555555555555555510000000000000000000000000000000000000000000000000000000000000000
00000000555555555555555555766661555555551555555555555555555555510000000000000000000000000000000000000000000000000000000000000000
00000000555555555555555555766615555555551555555555555555555555510000000000000000000000000000000000000000000000000000000000000000
00000000555555555555555557666661555555551555555511111111555555510000000000000000000000000000000000000000000000000000000000000000
00000000000000000000000000000000000000000000000000000000000000000000000000000000000000000000000000000000000000000000000000000000
00000000000000000000000000000000000000000000000000000000000000000000000000000000000000000000000000000000000000000000000000000000
00000000000000000000000000000000000000000000000000000000000000000000000000000000000000000000000000000000000000000000000000000000
00000000000000000000000000000000000000000000000000000000000000000000000000000000000000000000000000000000000000000000000000000000
00000000000000000000000000000000000000000000000000000000000000000000000000000000000000000000000000000000000000000000000000000000
00000000000000000000000000000000000000000000000000000000000000000000000000000000000000000000000000000000000000000000000000000000
00000000000000000000000000000000000000000000000000000000000000000000000000000000000000000000000000000000000000000000000000000000
00000000000000000000000000000000000000000000000000000000000000000000000000000000000000000000000000000000000000000000000000000000
00000000000000000000000000000000000000000000000000000000000000000000000000000000000000000000000000000000000000000000000000000000
00000000000000000000000000000000000000000000000000000000000000000000000000000000000000000000000000000000000000000000000000000000
00000000000000000000000000000000000000000000000000000000000000000000000000000000000000000000000000000000000000000000000000000000
00000000000000000000000000000000000000000000000000000000000000000000000000000000000000000000000000000000000000000000000000000000
00000000000000000000000000000000000000000000000000000000000000000000000000000000000000000000000000000000000000000000000000000000
00000000000000000000000000000000000000000000000000000000000000000000000000000000000000000000000000000000000000000000000000000000
00000000000000000000000000000000000000000000000000000000000000000000000000000000000000000000000000000000000000000000000000000000
00000000000000000000000000000000000000000000000000000000000000000000000000000000000000000000000000000000000000000000000000000000
00000000000000000000000000000000000000000000000000000000000000000000000000000000000000000000000000000000000000000000000000000000
00000000000000000000000000000000000000000000000000000000000000000000000000000000000000000000000000000000000000000000000000000000
00000000000000000000000000000000000000000000000000000000000000000000000000000000000000000000000000000000000000000000000000000000
00000000000000000000000000000000000000000000000000000000000000000000000000000000000000000000000000000000000000000000000000000000
00000000000000000000000000000000000000000000000000000000000000000000000000000000000000000000000000000000000000000000000000000000
00000000000000000000000000000000000000000000000000000000000000000000000000000000000000000000000000000000000000000000000000000000
00000000000000000000000000000000000000000000000000000000000000000000000000000000000000000000000000000000000000000000000000000000
00000000000000000000000000000000000000000000000000000000000000000000000000000000000000000000000000000000000000000000000000000000
00000000000000000000000000000000000000000000000000000000000000000000000000000000000000000000000000000000000000000000000000000000
00000000000000000000000000000000000000000000000000000000000000000000000000000000000000000000000000000000000000000000000000000000
06000006000000000000000000000000000000000000000000000000000000000000000000000000000000000000000000000000000000000000000000000000
00000000000000000000000000000000000000000000000000000000000000000000000000000000000000000000000000000000000000000000000000000000
00000000666660000000000000000000000000000000000000000000000000000000000000000000000000000000000000000000000000000000000000000000
06000666000066000000000000000000000000000000000000000000000000000000000000000000000000000000000000000000000000000000000000000000
06666600000006600000000000000000000000000000000000000000000000000000000000000000000000000000000000000000000000000000000000000000
00066000000000000000000000000000000000000000000000000000000000000000000000000000000000000000000000000000000000000000000000000000
__gff__
0000000000000000000000000001010100000000000000000000000000010001000000000000000000000000000101010000000000000000000000000000000000000002000000000000000000000000000100010101000001010000000000000000000000000000000000000000000000000000000000000000000000000000
0000000000000000000000000000000000000000000000000000000000000000000000000000000000000000000000000000000000000000000000000000000000000000000000000000000000000000000000000000000000000000000000000000000000000000000000000000000000000000000000000000000000000000
__map__
40414141414647484848484b0000000000000000000000000000000000000000000000000000000000000000000000000000000000000000000000000000000000000000000000000000000000000000000000000000000000000000000000000000000000000000000000000000000000000000000000000000000000000000
505151535556575851515a5b000000004b4c4748484800000000000000000000000000000000000000000000000000000000000000000000000000000000000000000000000000000000000000000000000000000000000000000000000000000000000000000000000000000000000000000000000000000000000000000000
506868686866676868686a5b000000005b5c5d56565f00000000000000000000000000000000000000000000000000000000000000000000000000000000000000000000000000000000000000000000000000000000000000000000000000000000000000000000000000000000000000000000000000000000000000000000
50008282828282828282005b000000006b6c6666666f00000000000000000000000000000000000000000000000000000000000000000000000000000000000000000000000000000000000000000000000000000000000000000000000000000000000000000000000000000000000000000000000000000000000000000000
50008282838282828282005b0000000000000000000000000000000000000000000000000000000000000000000000000000000000000000000000000000000000000000000000000000000000000000000000000000000000000000000000000000000000000000000000000000000000000000000000000000000000000000
50008282828282828282005b0000000000000000000000000000000000000000000000000000000000000000000000000000000000000000000000000000000000000000000000000000000000000000000000000000000000000000000000000000000000000000000000000000000000000000000000000000000000000000
50008182828282828182005b0000000000000000000000000000000000000000000000000000000000000000000000000000000000000000000000000000000000000000000000000000000000000000000000000000000000000000000000000000000000000000000000000000000000000000000000000000000000000000
50484848484647484848485b0000000000000000000000000000000000000000000000000000000000000000000000000000000000000000000000000000000000000000000000000000000000000000000000000000000000000000000000000000000000000000000000000000000000000000000000000000000000000000
60515154555657585151515b0000000000000000000000000000000000000000000000000000000000000000000000000000000000000000000000000000000000000000000000000000000000000000000000000000000000000000000000000000000000000000000000000000000000000000000000000000000000000000
0062626462666762626262000000000000000000000000000000000000000000000000000000000000000000000000000000000000000000000000000000000000000000000000000000000000000000000000000000000000000000000000000000000000000000000000000000000000000000000000000000000000000000
__sfx__
000100000000028670206600406004050040400404004040040400403004030040300302003020030100301002010000100200003000030000400004000141001410014100141001410000000000000000000000
__music__
00 00024344